 Original input  0.10000000               1
                     Formatted input     0.100   01
 CycleInputCycleInputCycleInputCycleInputCycleInputCycleInputCycleInputCycleInputCycleInputCycleInputCycleInputCycleInputCycleInputCycleInputCycleInputCycleInputCycleInputCycleInputCycleInputCycleInputCycleInputCycleInputCycleInputCycleInputCycleInputCycleInputCycleInputCycleInputCycleInputCycleInputCycleInputCycleInputCycleInputCycleInputCycleInputCycleInputCycleInputCycleInputCycleInputCycleInputCycleInputCycleInputCycleInputCycleInputCycleInputCycleInputCycleInputCycleInputCycleInputCycleInputCycleInputCycleInputCycleInputCycleInputCycleInputCycleInputCycleInputCycleInputCycleInputCycleInputCycleInputCycleInputCycleInputCycleInputCycleInputCycleInputCycleInputCycleInputCycleInputCycleInputCycleInputCycleInputCycleInputCycleInputCycleInputCycleInputCycleInputCycleInputCycleInputCycleInput
    1 0.1000E+001   1.000  1 0.1000E+001   1.000              1         1         1         1         1
    2 0.2000E+001   2.000  2 0.2000E+001   2.000              2         2         2         2         2
    3 0.3000E+001   3.000  3 0.3000E+001   3.000              3         3         3         3         3
    4 0.4000E+001   4.000  4 0.4000E+001   4.000              4         4         4         4         4
    5 0.5000E+001   5.000  5 0.5000E+001   5.000              5         5         5         5         5
    6 0.6000E+001   6.000  6 0.6000E+001   6.000              6         6         6         6         6
    7 0.7000E+001   7.000  7 0.7000E+001   7.000              7         7         7         7         7
    8 0.8000E+001   8.000  8 0.8000E+001   8.000              8         8         8         8         8
    9 0.9000E+001   9.000  9 0.9000E+001   9.000              9         9         9         9         9
   10 0.1000E+002  10.000 10 0.1000E+002  10.000             10        10        10        10        10
   11 0.1100E+002  11.000 11 0.1100E+002  11.000             11        11        11        11        11
   12 0.1200E+002  12.000 12 0.1200E+002  12.000             12        12        12        12        12
   13 0.1300E+002  13.000 13 0.1300E+002  13.000             13        13        13        13        13
   14 0.1400E+002  14.000 14 0.1400E+002  14.000             14        14        14        14        14
   15 0.1500E+002  15.000 15 0.1500E+002  15.000             15        15        15        15        15
   16 0.1600E+002  16.000 16 0.1600E+002  16.000             16        16        16        16        16
   17 0.1700E+002  17.000 17 0.1700E+002  17.000             17        17        17        17        17
   18 0.1800E+002  18.000 18 0.1800E+002  18.000             18        18        18        18        18
   19 0.1900E+002  19.000 19 0.1900E+002  19.000             19        19        19        19        19
   20 0.2000E+002  20.000 20 0.2000E+002  20.000             20        20        20        20        20
   21 0.2100E+002  21.000 21 0.2100E+002  21.000             21        21        21        21        21
   22 0.2200E+002  22.000 22 0.2200E+002  22.000             22        22        22        22        22
   23 0.2300E+002  23.000 23 0.2300E+002  23.000             23        23        23        23        23
   24 0.2400E+002  24.000 24 0.2400E+002  24.000             24        24        24        24        24
   25 0.2500E+002  25.000 25 0.2500E+002  25.000             25        25        25        25        25
   26 0.2600E+002  26.000 26 0.2600E+002  26.000             26        26        26        26        26
   27 0.2700E+002  27.000 27 0.2700E+002  27.000             27        27        27        27        27
   28 0.2800E+002  28.000 28 0.2800E+002  28.000             28        28        28        28        28
   29 0.2900E+002  29.000 29 0.2900E+002  29.000             29        29        29        29        29
   30 0.3000E+002  30.000 30 0.3000E+002  30.000             30        30        30        30        30
   31 0.3100E+002  31.000 31 0.3100E+002  31.000             31        31        31        31        31
   32 0.3200E+002  32.000 32 0.3200E+002  32.000             32        32        32        32        32
   33 0.3300E+002  33.000 33 0.3300E+002  33.000             33        33        33        33        33
   34 0.3400E+002  34.000 34 0.3400E+002  34.000             34        34        34        34        34
   35 0.3500E+002  35.000 35 0.3500E+002  35.000             35        35        35        35        35
   36 0.3600E+002  36.000 36 0.3600E+002  36.000             36        36        36        36        36
   37 0.3700E+002  37.000 37 0.3700E+002  37.000             37        37        37        37        37
   38 0.3800E+002  38.000 38 0.3800E+002  38.000             38        38        38        38        38
   39 0.3900E+002  39.000 39 0.3900E+002  39.000             39        39        39        39        39
   40 0.4000E+002  40.000 40 0.4000E+002  40.000             40        40        40        40        40
   41 0.4100E+002  41.000 41 0.4100E+002  41.000             41        41        41        41        41
   42 0.4200E+002  42.000 42 0.4200E+002  42.000             42        42        42        42        42
   43 0.4300E+002  43.000 43 0.4300E+002  43.000             43        43        43        43        43
   44 0.4400E+002  44.000 44 0.4400E+002  44.000             44        44        44        44        44
   45 0.4500E+002  45.000 45 0.4500E+002  45.000             45        45        45        45        45
   46 0.4600E+002  46.000 46 0.4600E+002  46.000             46        46        46        46        46
   47 0.4700E+002  47.000 47 0.4700E+002  47.000             47        47        47        47        47
   48 0.4800E+002  48.000 48 0.4800E+002  48.000             48        48        48        48        48
   49 0.4900E+002  49.000 49 0.4900E+002  49.000             49        49        49        49        49
   50 0.5000E+002  50.000 50 0.5000E+002  50.000             50        50        50        50        50
   51 0.5100E+002  51.000 51 0.5100E+002  51.000             51        51        51        51        51
   52 0.5200E+002  52.000 52 0.5200E+002  52.000             52        52        52        52        52
   53 0.5300E+002  53.000 53 0.5300E+002  53.000             53        53        53        53        53
   54 0.5400E+002  54.000 54 0.5400E+002  54.000             54        54        54        54        54
   55 0.5500E+002  55.000 55 0.5500E+002  55.000             55        55        55        55        55
   56 0.5600E+002  56.000 56 0.5600E+002  56.000             56        56        56        56        56
   57 0.5700E+002  57.000 57 0.5700E+002  57.000             57        57        57        57        57
   58 0.5800E+002  58.000 58 0.5800E+002  58.000             58        58        58        58        58
   59 0.5900E+002  59.000 59 0.5900E+002  59.000             59        59        59        59        59
   60 0.6000E+002  60.000 60 0.6000E+002  60.000             60        60        60        60        60
   61 0.6100E+002  61.000 61 0.6100E+002  61.000             61        61        61        61        61
   62 0.6200E+002  62.000 62 0.6200E+002  62.000             62        62        62        62        62
   63 0.6300E+002  63.000 63 0.6300E+002  63.000             63        63        63        63        63
   64 0.6400E+002  64.000 64 0.6400E+002  64.000             64        64        64        64        64
   65 0.6500E+002  65.000 65 0.6500E+002  65.000             65        65        65        65        65
   66 0.6600E+002  66.000 66 0.6600E+002  66.000             66        66        66        66        66
   67 0.6700E+002  67.000 67 0.6700E+002  67.000             67        67        67        67        67
   68 0.6800E+002  68.000 68 0.6800E+002  68.000             68        68        68        68        68
   69 0.6900E+002  69.000 69 0.6900E+002  69.000             69        69        69        69        69
   70 0.7000E+002  70.000 70 0.7000E+002  70.000             70        70        70        70        70
   71 0.7100E+002  71.000 71 0.7100E+002  71.000             71        71        71        71        71
   72 0.7200E+002  72.000 72 0.7200E+002  72.000             72        72        72        72        72
   73 0.7300E+002  73.000 73 0.7300E+002  73.000             73        73        73        73        73
   74 0.7400E+002  74.000 74 0.7400E+002  74.000             74        74        74        74        74
   75 0.7500E+002  75.000 75 0.7500E+002  75.000             75        75        75        75        75
   76 0.7600E+002  76.000 76 0.7600E+002  76.000             76        76        76        76        76
   77 0.7700E+002  77.000 77 0.7700E+002  77.000             77        77        77        77        77
   78 0.7800E+002  78.000 78 0.7800E+002  78.000             78        78        78        78        78
   79 0.7900E+002  79.000 79 0.7900E+002  79.000             79        79        79        79        79
   80 0.8000E+002  80.000 80 0.8000E+002  80.000             80        80        80        80        80
   81 0.8100E+002  81.000 81 0.8100E+002  81.000             81        81        81        81        81
   82 0.8200E+002  82.000 82 0.8200E+002  82.000             82        82        82        82        82
   83 0.8300E+002  83.000 83 0.8300E+002  83.000             83        83        83        83        83
   84 0.8400E+002  84.000 84 0.8400E+002  84.000             84        84        84        84        84
   85 0.8500E+002  85.000 85 0.8500E+002  85.000             85        85        85        85        85
   86 0.8600E+002  86.000 86 0.8600E+002  86.000             86        86        86        86        86
   87 0.8700E+002  87.000 87 0.8700E+002  87.000             87        87        87        87        87
   88 0.8800E+002  88.000 88 0.8800E+002  88.000             88        88        88        88        88
   89 0.8900E+002  89.000 89 0.8900E+002  89.000             89        89        89        89        89
   90 0.9000E+002  90.000 90 0.9000E+002  90.000             90        90        90        90        90
   91 0.9100E+002  91.000 91 0.9100E+002  91.000             91        91        91        91        91
   92 0.9200E+002  92.000 92 0.9200E+002  92.000             92        92        92        92        92
   93 0.9300E+002  93.000 93 0.9300E+002  93.000             93        93        93        93        93
   94 0.9400E+002  94.000 94 0.9400E+002  94.000             94        94        94        94        94
   95 0.9500E+002  95.000 95 0.9500E+002  95.000             95        95        95        95        95
   96 0.9600E+002  96.000 96 0.9600E+002  96.000             96        96        96        96        96
   97 0.9700E+002  97.000 97 0.9700E+002  97.000             97        97        97        97        97
   98 0.9800E+002  98.000 98 0.9800E+002  98.000             98        98        98        98        98
   99 0.9900E+002  99.000 99 0.9900E+002  99.000             99        99        99        99        99
  100 0.1000E+003 100.000100 0.1000E+003 100.000            100       100       100       100       100
